7042488
568146
485141
398849
235193
175789
235174
175773
146359
885097
636791
485139
146402
7042493
6634124
6400486
4677352
4388999
801859
729564
528689
885098
636789
528688
398863
729570
636761
567746_1
398878
235204
235219
175818
6065008
5333443
4658131
4376132
801862
636790
175815
6065024
4376155
1382906
1249011
6102448
5652392
1249013
1249012
1173159
6102461
5652931
4658133
4376131
1532122
346302
6400487
5332628
4035766
1532781
964505
146360
6634160
4389006
4035749
1532131
7042480
6400488
4015439
1382905
1249008
559214
1532142
1249006
6327290
6400492
5652398
1250354
663887
175782
146363
146388
636759
528686
5613439
729568
146386
4389001
885086
559210
6634192
6064996
5652450
7042492
6102449
6634115
4677358
4389011
4035757
6400559
5652880
7042479
6327252
636718
5290721
1382889
963279
528691
5332596
636793
1532138
809866
745302
235206
5332593
7042478
6634087
6064994
4015420
6327288
1382904
398870
146369
4376154
1532129
885091
729567
636787
6327272
4035762
963273
964541_07
663893
7042482
6634108
5290733
346331
398851
6327245
963274
528692
235198
4376141
6634168
4658129
4376133
5613456
5290725
4658134
4389002
567787
480814
5290766
4677354
4388991
1532136
146375
5290702
4658146
4376146
801854
5613428
5290720
6634156
885093
636792
7042477
6634174
4677350
4376136
1382887
485140
1382897
6102454
6634194
6634165
4015469
1250401
1183790
745332
663910
346327
6634195
6400485
5333428
7042484
6065002
636786
6400554
729555
5613433
480803
480821
346305
146397
4015425
6102440
5290710
1532150
559226
528697
4015424
1532124
4389013
4035743
7042483
4035754
4015417
1532134
1250415
1183816
5290695
528684
528685
346322
7042485
5333893
4658140
1382894
6634198
1532126
1382886
1249030
1249004
6102439
1382909
5290692
4376140
5290706
4015419
1173141
4376152
4015431
7042494
4015433
6327258
6065027
1382891
1173150
6634134
1249014
801855
6327255
6065022
4376137
5613449
5290722
6875938
5290699
6634197
1173148
567745
6634167
5332629
1249017
1173161
6634179
5613451
1532133
6875992
1173155
7042489
6400491
6065010
5613426
5333895
5613457
4376168
4015447
1372207
5290745
4658178
4015444
6400553
1532152
5613424
4658149
5290751
4658163
567800
480811
346333
398854
235190
7042495
6102456
5652478
6400557
146387
4388994
4035751
6327271
6065026
801860
6634169
1382895
1382902
1249015
5652443
963275
1382892
7042481
6634151
1250412
809889
4376166
885739
809894
745294
235201
146383
1250362
567784
346313
235210
5613435
5290705
1532139
1249016
7042491
6634107
6400555
4376185
1532834
1183785
1173157
559216
1183754
964538
663917
480790
568116
568105
235199
7042486
6102455
6102458
5652910
4035746
6634127
4677356
6634137
4015421
801858
6634187
1532833
1250386
1183777
964522
885694
885696
568110
568111
146395
7042487
5290698
4015418
1173153
963290
4389008
6400494
559227
6634101
6634100
5652890
7042490
6634092
1382896
1249025
729554
663920
175794
4658136
1532149
559228
6327262
1532144
4376143
1249019
4376139
4015428
7042476
4389003
4035750
4035765
1249009
567796
4376144
4376134
6634090
6327214
480819
398877
7042496
1249028
6875967
6327297
6102445
5653587
5333023
6064985
4658124
1382884
963289
4677361
4389009
1382907
4677365
4388992
5652879
5653598
4658127
235217
175791
6102435
5613431
6876047
1382893
5332586
1173151
6102453
5290704
6875999
6634178
6327267
6064993
885704
175821
146370
6102437
1532145
1173152
6875986
6102447
5652932
1249007
5333245
4035759
6634130
4677366
663866
6102438
5333878
4035747
885092
528690
346304
235205
636794
559213
6875995
5290697
6876043
6065007
4015496
1532796
745283
663860
480805
1173145
5290719
4376147
6327292
6064956
1372235
1183774
663875
568112
6876049
6634152
6400552
5290717
5290711
1173160
6875913
5332584
6327275
4376145
4015437
1173156
5333020
1532788
745299
568121
346334
175780
146390
6327295
4376135
6876009
4658123
6064951
6875982
5652460
4389000
1532146
6634155
4658159
4015490
964515
398874
745301
4658154
1532856
1372209
885697
5613442
4015436
4376150
1532137
1382898
1183788
398860
4677368
5290758
1532778
6065019
5652467
5290707
6327254
6064975
6634120
6875958
6064990
6634138
5613487
5613440
5290748
4658193
745289
568115
235202
235211
663894
480795
5613488
4015446
235222
398859
175809
6875957
885740
663868
729560
6634104
6327291
567746_2
963292
6875974
4035752
6064995
6634163
480801
346303
6875959
6327294
5652926
4389004
175820
5290726
5333248
6876038
729565
4389005
6327273
1382890
963283
6327274
6876015
5613429
5290708
6876032
6634164
4035748
6876013
6327270
801869
5652922
6875996
801853
6634096
6634112
5332595
6875947
963287
6876045
1250417
6327232
1532850
5613486
6876014
6400556
1532151
6065001
5290694
801851
6876046
6634091
6065005
5613437
6327279
6327248
6065017
6876029
6065021
6065020
6876008
4677364
6634110
4388996
6102460
5333920
4677363
6875926
6102457
745333
568137
6064950
5290771
6634184
4035741
1249010
809927
6875970
6875941
809871
398879
175804
1173149
729558
6064952
1382885
6875994
6327277
6876007
6327206
5613467
4376172
6327226
5652895
5613443
1372195
745295
398846
175837
6876028
4658137
6875977
6876041
6327268
1532821
6634158
6875950
5613436
963285
4376151
1382903
6875978
6875989
6634121
6064986
4658147
568118
175833
6327283
6327281
6634103
6875906
6065014
6875960
1249005
5613438
6876017
4658148
6064991
5613447
6876026
6875985
6634116
6065009
1532148
6875998
6634131
663916
5613430
963291
6875920
146389
6327256
6634146
4658150
6064997
559215
6875987
4658126
885102
6634111
6875983
1532819
6876003
6876012
4376129
6875961
6065011
6875988
6875946
6327259
4658138
6875973
6876042
5613455
175787
5613453
6634113
6327284
5290712
6065018
663890
6634126
4677360
6876039
5290713
6876022
6875927
6875915
6876021
6327278
1532140
885677
729561
6327298
6327293
5333431
4035758
6634132
5290767
4658151
1250413
809932
6634181
6102450
5613489
5290759
1372220
809886
146373
6875966
6327285
5613452
801856
5613425
6634166
4658128
6875930
5613460
5613502
5613473
1372196
1250414
5290761
398867
6634182
6327249
5613434
6876000
6888482
1249031
6876023
6327280
6327282
6065015
6875968
6876036
4376149
6876010
4658168
4376196
1372221
6064957
4015474
5290732
1372179
1250363
1183805
885742
567777
480817
6875940
6327269
963286
885088
6875900
5652940
5333564
5290709
1382900
6634128
5290715
4376138
6875917
6875972
6875969
6102441
398883
5613448
1532141
6065003
6875942
6876044
559229
6876005
6064945
4376171
1532783
1372184
1250383
6876050
5290752
6875935
6634190
6065000
6327233
5290773
1372190
6875931
964519
964555
885087
6876031
964539
4015460
964521
745713
663888
4015450
1183762
568123
6634153
5613472
5290738
4658156
235226
6876040
346311
1532792
1372194
1250357
1250369
6875916
4658164
4015494
1532794
745300
6875936
346321
175772
235227
885702
809900
5290731
4376198
1532807
745311
6876002
809908
4015488
885711
663902
568125
6875976
6064967
4376169
809869
745314
485142
235229
4015483
663930
398880
1250376
745284
4658165
6064960
4658188
6634095
6064947
568126
6875905
1183764
146391
6634193
6634150
5613492
5290780
4658195
1183820
6064977
4376189
1250384
1250394
1183761
6327241
6064955
6064942
6876035
4658152
1250387
1183766
6876019
5290763
1532838
4015448
6875922
6634161
5290727
964499
663869
568127
346308
235223
398875
4658183
5290753
1372203
745320
663876
480804
346324
346330
6064966
4015487
4376193
6876051
6876018
6634141
1250353
4015452
809896
745290
964540
1250351
6877722
6327222
6064968
4015464
1532839
809907
6064982
1183752
6875910
4376160
4015442
1532855
4376179
1532841
346326
6327240
1372208
1250392
4658153
4658184
4376174
6875965
1532851
745296
1183786
663871
6875993
4376212
5613462
4376209
663912
6875956
809865
4658160
5613461
480806
6064965
568140
485151
398894
4658166
4376165
4015473
1532782
1532831
175771
5613498
6875971
6634133
885688
663898
5290737
6634188
6064941
4376175
6875975
1250374
663886
480789
567807
4376176
885703
663907
745288
175770
6876027
5613471
4015467
6327209
1532843
1532804
398869
1250400
964516
745319
4376203
6875939
964507
745318
663883
398868
6327204
885716
6875918
745291
663857
6064972
1183821
235213
1183772
6327205
568103
6875962
6876004
6634109
4376167
6875981
1532857
809879
745350
6634102
964541_06
346341
6875964
480802
6634129
5613483
4376197
1183769
885679
346317
6634122
5613500
885690
6875953
1372206
6064964
4015499
1183797
809905
6876024
1250385
964531
663878
346340
745343
809910
4376192
809864
6327234
1183768
809902
568138
346332
398845
175778
6875963
5290764
6875990
4015461
5290755
809921
745351
6875945
6064970
5613501
5290768
964490
567608
398852
235231
146362
6634145
4015440
1372236
6064988
4376187
1372192
6327265
235203
146399
559211
636788
6651934
5290742
1532846
398850
6634149
964517
663915
4015449
5290762
6327228
1532787
235215
1249029
6064940
5613504
5613480
4376204
146413
6064943
1372224
6327215
5290739
4658198
964510
4658185
1532773
6327216
6064969
175795
6634175
6064936
964506
235225
964541_01
745282
663865
885683
663853
5613490
1250406
1183757
485154
4015502
663880
146377
1532803
1372183
5290775
346320
175805
5653599
4015432
5332611
4658174
5613459
6327257
6634117
964553
6634099
528693
6634123
1532853
5613476
809934
745321
5613475
6634157
1532128
6064958
4015489
885735
568136
5290765
809887
567606
235228
4015453
1532832
6065016
6102463
6327230
398857
663858
6327208
1250356
5613497
1183758
663891
146361
1382899
4658145
4015416
4035763
6634098
1532127
6634159
6400490
6634189
6065012
6634097
1532836
1250396
663914
6634177
4015501
1532809
1372176
1250390
346307
1532815
6634119
5290760
1183799
4035756
5613427
6634173
6327261
5613458
480794
963288
801867
6634191
6634094
346312
809873
6634086
1532812
6327242
6634144
745329
568124
885680
745315
663906
6634106
1532795
146416
6327238
5613493
4015500
5290718
4677357
4388998
4035755
809930
663897
6634089
1532820
5290756
6064971
5613474
6064983
1532858
885689
1372213
4658155
6634118
6064998
6400489
6634139
5613432
1183778
964491
663908
175792
5333437
1249020
6634085
6400493
5652530
1249027
1382908
6634176
6102446
4035745
5613450
4015422
6064937
6634171
6327235
1250404
663882
4015458
6634088
6634143
4658142
4015434
6651935
6327289
6634170
1249023
5290690
5290734
6634172
4658161
6327286
6634154
5652520
6327266
4658192
963281
4677370
6634162
4015471
5290729
4658186
4376153
1249026
398872
146374
5290741
6102442
6327253
6327250
6327263
6065023
885095
6327264
885099
6064987
6327251
6064992
4015435
1532130
5613445
6102443
6327246
6327247
5290701
4035764
6327276
5290700
6065028
6327260
4376130
1173144
745303
1372188
6327287
5290770
6327217
4376200
6327212
1183771
964502
1250375
5613495
4015486
1372226
6064976
568144
5290736
4376206
1372230
964512
398853
6327231
5290740
1250395
5613482
1183814
6327219
235194
6064980
6327239
4658181
5613470
6327236
1532808
745310
6327211
4376182
1532817
6327220
6064961
1250379
6327218
6327229
6327237
1532776
745292
1250370
885732
809912
745337
4376207
6064959
480796
6327221
5613496
1532813
6327243
6327227
1532802
1532785
5613503
809890
6327244
6327475
809878
1372217
809895
6327223
6327210
6327224
1372234
1183807
663848
4015451
5613484
5290749
6327207
1532830
6327296
5652484
4388990
5652885
5290723
6102451
4677362
1249032
6400484
5613468
5652433
6102462
4376159
1532818
4376188
4658139
4677353
4388997
6400558
6064989
6065025
6065004
4658197
885731
4389007
175790
6065013
4658125
801866
729553
6065006
6064999
885678
4658196
4015478
1250399
6064973
1532835
6064979
4658199
6064962
6064938
1372212
1532770
663872
964541_04
485146
398876
6064953
5290728
5613465
6064963
6064981
5290754
6064954
5613469
1250402
568139
6064974
4658169
6064944
1372174
5290774
6064978
663900
4015441
1532799
809911
809914
1532847
1183767
809867
4376191
964514
964511
5333911
5290746
4658191
1532143
6064984
1250418
6064946
1532810
4658171
964498
4376199
1249022
6064948
4035742
1183789
480809
1372214
6064949
1532793
1372216
6064939
5613499
1532848
4376173
6102459
5290691
5333880
4035744
4015423
1382888
4658130
5613444
4658143
1382901
5613446
5613454
5613463
4015475
964552
5613505
5290744
1183793
885685
809883
4015470
964508
4376163
885684
4376210
885096
1532842
480807
5613478
4658172
1372228
4376164
5613477
5613494
1372173
5613491
4376157
885723
663909
4658177
5613479
480812
4015480
1532780
809917
5613485
4658167
1372237
745305
663903
4658158
4015476
1183824
4658175
1183810
480813
146379
235207
5613506
5613464
885709
146368
4015482
4015498
1372231
1183753
663929
346315
1532774
1532806
1183808
4015443
809863
1532811
5613481
1250360
1250358
885675
885674
964518
485152
4677369
4376142
1173158
809891
745297
1532125
1183791
5290696
1249024
663867
175796
398864
4015426
5290716
5290714
4658144
5290724
1532777
964549
1532779
1532772
5290747
346338
146380
4015466
5290778
809909
4376178
1532859
1372186
745309
480792
5290772
5290777
346318
398882
5290776
1183780
885733
4376195
4376194
4015463
480793
4015465
1250361
809906
5290750
663895
1250373
5290743
5290730
1183787
5290735
346329
5290769
663874
4658173
4376205
1250377
4658182
1532771
1183798
745316
1250371
5290779
964524
885705
885681
5290757
1250425
1532854
5332610
4677359
1532827
567600
1532828
5333917
1372232
1532132
963278
4658141
4658135
4015429
567610
346342
4658132
4389010
745312
4658194
1532790
4376202
4015479
1250381
964545
745336
568108
4658187
1250355
4658200
4658170
175781
146401
4658179
4376170
663885
4376183
1532823
567812
4658190
4658189
1183784
745285
4658176
4658180
4658157
963294
729566
4677355
4677367
1249018
4376148
4376190
4376162
4376158
885706
346337
1183773
4015497
4376208
4376201
4376177
1532822
1372233
1250372
4376184
1183796
1532800
4015484
1372189
1183760
964532
809870
1372198
964530
4376180
809904
4376161
1532786
4376211
885745
809918
663911
885736
745331
485145
1183811
1372187
1250368
964534
809875
4389012
4015438
1372178
4015430
4015455
801864
1250388
4015456
663896
4015477
745330
663922
4015462
885734
1372223
885686
4015481
4015468
809882
568109
4015445
4015457
4015495
809893
809868
4015454
398848
235212
1250391
1183776
4015491
1372181
1250389
964489
1532801
964541_08
4015493
745298
1250408
1183765
964533
1183794
1372239
146378
4015485
1372227
809892
809897
1250364
885698
809872
4015492
4015459
964526
567602
745317
663921
568128
4035753
964541_09
1173142
1173163
963293
1183812
1532797
1183783
663862
175814
175807
146382
885737
1372191
963282
885089
1372175
1183775
885714
346328
1532837
1532816
964513
567603
398862
1372199
1532805
1250378
1532849
1372225
809916
568145
1183823
480800
1532825
1372197
1532852
745324
1372238
1532824
964528
745327
663904
885721
1183770
1532829
1532840
1183795
1532798
1372200
745280
480799
885699
1183822
663859
567780
1532845
885728
235196
1250366
1372242
1250382
1183779
1372177
745347
1372210
1250380
885687
1250403
480797
568133
885729
568134
1250420
1372218
1183829
485144
885682
885090
1382910
1372222
1372211
1183782
809877
1250359
1372241
1372185
885673
1372205
1372215
809874
1372219
1183819
809919
1372180
1372229
1250405
1250365
1250411
1249021
636784
1250409
745342
809924
1183800
235191
1250352
963295
1250367
1250407
1250419
1250416
1183817
1250421
1183826
964557
398847
1183806
1183803
1183804
964546
1173143
1183827
1183815
663931
568120
964543
1183813
485156
1173162
1183755
346295
1183828
964529
1183801
745322
663863
1183763
963284
885724
567609
1183759
663927
1183792
809901
1173147
1173154
809884
1183809
964494
964497
885718
745286
964500
964501
885712
964541_03
885726
964523
964525
885720
568117
964535
885691
964541_02
964542
964547
964551
964554
964563
663889
885103
885104
885094
801857
885105_1
885672
663899
885693
885700
885707
485143
398895
885710
885713
885715
885717
885725
346297
885738
885743
809926
745348
885744
801861
801863
801865
801868
729569
729557
809876
745326
809898
809899
745328
745344
809903
346319
175777
809913
809923
809929
809936
346291
398899
480818
745307
175812
745313
729562
745293
346336
568119
745287
745323
745346
745341
346316
745334
745306
745338
663856
636785
663928
235200
663919
663851
663926
636782
663855
480810
568129
146398
559225
528682
568150
568104
559212
568114
480816
528694
480808
485147
480815
528681
346310
346309
346298
346296
346294
398856
235197
175819
398858
398873
398884
175784
398911
398896
235189
235195
235214
235177
235180
175830
235175
235221
