49.8246 -33.5924
48.7295 -33.9244
47.7335 -35.1069
52.5795 -32.468
52.334 -29.5388
52.966 -38.0785
46.3983 -35.3331
55.609 -13.6738
61.7413 -35.4138
-35.1844 -10.4954
-35.2882 -11.2584
-32.5153 -14.8598
-40.6605 -8.55591
-31.3076 4.85445
-31.5234 5.29136
-32.2413 0.955946
-30.4942 5.09904
-31.3686 1.94118
-28.8892 6.25555
-26.5748 8.91923
-24.2177 9.6318
-57.4845 -37.3971
-57.1553 -36.5494
-63.6292 21.3354
-36.7802 -22.3919
23.1395 6.42398
-24.1559 41.1741
25.0647 6.09208
23.3372 7.3223
12.1897 0.525456
11.1114 4.91855
20.8415 0.825702
-60.4328 -11.4166
-48.5682 -24.5307
-56.5703 3.6737
-57.5314 4.34944
-57.9462 4.43397
-59.0649 3.61853
-49.8802 30.9544
-78.3427 14.3938
-79.2291 13.7927
-76.4225 14.1128
-79.6706 15.1857
-41.0926 6.90418
-41.1997 6.83063
-37.7171 4.03164
-37.9992 4.36271
-36.894 2.39769
-40.6339 -29.2186
-47.865 -26.2769
-63.039 -8.28977
-55.7814 -6.96425
-56.7159 -9.27341
-34.1508 -4.39972
-31.8982 9.16277
-30.9501 10.8521
-30.7678 10.6728
-1.36366 -4.66018
6.87904 -29.0329
55.9412 -14.4779
-41.3534 -28.2008
-43.9123 -24.7726
-43.9579 -24.6381
-44.1253 -31.335
-43.227 6.57093
-43.614 6.31165
-42.8036 8.57016
-41.1628 15.7143
-46.7934 4.66107
-47.6415 4.35992
-33.3969 9.74166
-59.523 0.384147
-63.8617 -1.0581
-64.2314 -0.340487
-64.4118 0.810547
-0.783083 -4.51934
-0.122512 -3.72457
27.8434 40.0777
28.3289 41.1689
28.1133 40.9924
27.8027 41.0345
-37.2785 -22.3184
-20.9942 -5.48182
-22.1667 -7.14419
-26.1638 -14.0357
-42.3698 22.44
-39.1034 19.197
-39.0371 19.0472
-63.206 8.74832
-61.7841 7.17998
-43.3868 6.18021
-0.037853 7.40194
-0.703603 25.6454
-67.5731 44.4704
-68.0883 45.0299
-66.8781 46.2257
-68.6061 45.7816
-66.7086 42.6889
-66.0948 45.0126
-74.391 13.468
-73.7324 12.5506
-70.7919 13.9096
-62.9984 -25.6606
-73.1013 11.9787
-69.012 11.9202
-24.943 33.0047
-34.6464 -8.64051
-33.9442 -8.9302
-31.3732 -4.85162
-24.7647 3.81693
4.6718 15.5894
-62.0426 38.5323
-70.9485 -3.08837
-22.6643 26.0944
-22.8064 26.7691
-21.1898 26.4071
-24.0919 25.3583
-44.1792 19.2939
-44.9034 20.223
-79.2645 4.60197
-79.1881 4.46776
-58.2929 13.1004
-76.378 24.4533
-66.0075 33.356
-63.4167 32.4377
-63.443 32.3814
-55.1735 -21.3671
-56.4479 -22.1885
-55.8032 -22.8045
-63.742 -15.6049
-64.2933 -16.1754
48.279 28.8266
47.5548 28.5507
48.5838 28.0418
52.0467 29.2613
51.684 30.1018
-55.4449 -34.7977
-56.4374 -34.4392
-52.9982 -34.1616
-54.0702 -34.482
-40.599 21.9597
-38.2304 27.2449
-37.9995 25.4072
-39.8911 25.2184
-41.1323 -16.6841
-41.1483 -16.7065
-41.1571 -15.6337
-41.5642 -15.9704
-40.2853 -20.3803
-40.5004 -19.9989
28.3266 -43.2524
46.6686 28.438
46.7833 28.077
-35.5935 38.0796
-34.121 41.1198
-67.5797 10.3691
-66.3009 10.7018
-65.9529 9.63881
-66.1813 -29.636
-44.6536 23.2612
-45.2284 23.5878
-68.2551 26.6633
-67.7143 26.2778
-66.9546 26.7467
-70.2876 -1.61161
-70.2634 -2.65538
-56.0159 -12.3265
-56.5133 -12.8342
-59.9093 0.812886
-24.2864 -5.07127
-58.1118 -9.76538
-69.4948 -3.17906
-53.3125 -12.6831
73.7813 -20.538
75.1668 -18.1243
73.7922 -21.6952
73.8448 -22.293
71.6347 -20.6372
63.2033 -28.2331
58.3714 -25.6216
-40.8253 -30.5187
-42.0711 -30.7245
-40.8048 -30.4782
-48.9361 3.99801
-48.9164 4.76901
-49.8912 4.1458
-47.0125 -10.5938
-48.1165 -8.91115
13.6259 2.87756
26.3652 -14.9169
9.43428 2.30317
8.6114 1.63251
12.3289 3.67068
-68.39 17.5124
-44.7579 -28.5803
-76.634 1.24984
-75.4256 1.0352
-76.8298 -1.36126
-76.6049 -0.42665
-58.7523 15.1791
-59.7116 15.3268
-36.9414 15.7467
-20.4156 -10.1002
-78.0934 -0.538777
-79.0777 -1.38009
-41.1867 14.8185
-47.6167 8.71184
-47.763 9.58299
-47.1963 8.91601
-39.5119 30.5991
-43.7918 30.1471
-58.8026 -29.7296
-58.9171 -29.3123
-32.3763 -4.78113
-78.1103 22.8683
-78.9243 21.7122
-32.6266 -3.69327
-51.8145 14.4683
-51.6985 15.8648
-49.2182 14.455
-49.0926 13.363
-50.0933 12.9743
-77.3715 23.4809
-79.8404 17.3793
-49.2736 8.35844
-38.5643 -6.06749
-21.4154 -2.21058
-50.1406 17.3639
-46.6219 17.9746
-55.2199 33.115
-54.4258 32.9913
-77.1276 23.7542
-77.8487 15.141
-37.1574 4.46746
-37.1943 6.75786
-38.6654 2.78523
-38.8899 4.66574
-47.5452 -23.155
-44.8333 -21.8607
-47.0504 -23.8333
-41.0333 -10.314
-40.8404 -10.4047
-41.8038 -10.6078
-59.6822 -9.93034
-60.4673 -10.2789
-79.3474 16.5558
-79.2766 16.053
-64.9343 10.6101
-61.4902 11.8088
-61.1395 11.2783
-37.3616 -0.0350001
-37.9571 -0.30916
-37.9717 -0.53344
-43.1156 -19.8668
-51.4678 14.1723
-47.5282 -21.6229
-51.3005 -33.0947
-60.4584 -26.6196
-60.3362 -25.6446
-47.6568 -30.7392
-46.8193 -30.7743
-49.9512 -32.5094
-47.8291 -29.8743
-48.1909 -29.5215
-59.2046 -8.94829
37.6592 -43.9632
36.4817 -43.9764
37.926 -44.4872
-30.4075 -4.35483
-29.2563 -4.7457
-29.1225 -3.87744
-78.1077 0.284922
-78.7774 0.816701
-58.0537 34.8999
-56.2739 34.5825
17.4125 21.5125
17.5247 21.1008
-23.8595 1.6413
5.58976 18.2692
18.337 26.3206
19.5043 25.2589
19.9309 24.3825
-58.1893 -12.7668
-60.4168 -16.04
-57.6735 -13.1091
-57.2502 3.15699
-30.6 -9.41583
-63.5531 -15.9086
-63.4426 -14.7242
-55.7762 32.6
-56.2912 32.6439
-56.6859 30.7037
-32.4622 9.77251
-28.3944 2.72122
-46.969 35.4155
-25.0796 -1.02809
-39.1978 0.15778
-39.4787 0.614845
-18.0331 -6.86312
43.808 -5.83421
43.6205 -5.50575
44.6598 -6.53293
41.5599 -2.66154
6.20088 -37.7986
5.56669 -38.6527
8.32852 -36.5397
6.70708 -33.2474
7.1237 -33.9458
7.81261 -33.1238
21.8617 -18.0679
69.4632 -6.84461
69.5568 -8.01794
55.8066 -11.1048
-18.3713 -5.6446
-18.484 -1.35731
-19.2366 -2.80215
-20.0308 -4.14173
36.1597 -16.4924
-32.049 16.7904
-31.5501 16.9116
36.2688 -16.8122
33.8926 -20.3772
36.9757 -14.2463
-16.4569 0.0210428
-17.2303 1.70688
24.2521 -42.4564
26.4358 -44.3256
25.3322 -44.5077
26.7266 -43.1871
48.7242 -42.0354
49.4663 -42.4638
45.6261 -45.5239
-71.1213 -2.13701
-70.5986 -2.29606
-35.0421 -30.3931
-35.8264 -31.096
-35.029 -30.2402
-18.8504 -13.3617
-19.4991 -13.8833
-23.821 5.34448
-23.6419 4.97871
-22.0983 4.32149
16.0423 -12.1099
16.0775 -12.6061
36.6363 -0.240196
17.9359 -11.0339
16.3968 -11.4356
14.3033 -14.805
17.8826 -9.29492
19.5224 -9.29577
15.3947 -8.47075
15.5407 -9.52089
-56.9788 -23.6839
-11.8931 38.7809
-12.3969 38.9059
-59.2948 31.0532
-62.2831 29.8141
-57.2235 42.2994
-58.8469 41.9808
-58.3348 42.1926
-38.2625 5.33299
-78.7089 -2.99751
-78.8251 -3.34809
-5.59615 54.7799
-6.51104 55.3874
-6.18775 54.8484
-5.42408 55.9469
-5.11017 55.2971
-6.16152 56.0416
2.91248 -42.3436
-55.0947 -2.45482
-43.4009 -10.5997
-49.2673 -7.45029
-5.45677 14.8968
-4.27907 13.7626
-42.0471 -3.73512
-46.1133 -6.63904
13.326 12.8596
43.4483 -21.9034
-48.0132 -7.23041
-47.6912 -7.38126
-47.3029 -6.80267
-46.1243 -4.82431
-51.7271 42.3809
-18.1075 39.2626
-44.6095 26.5109
-52.7311 19.6088
75.3527 -16.084
75.0274 -16.6001
74.1879 -14.0279
62.9922 12.6015
-42.7925 -30.08
-60.9958 -20.5355
-34.8621 24.4964
-35.7781 24.3993
-34.6088 24.5795
-34.6828 24.3277
-67.5275 45.5959
-41.6342 -3.87033
-55.5881 8.10704
-35.1116 36.4198
-62.191 25.0381
-48.3933 -5.07927
-42.9308 12.5495
-44.3497 13.7874
-69.6258 25.3599
-70.6311 23.9089
-57.992 -7.04204
-37.1812 23.888
-44.2691 39.4574
-52.5961 38.4687
-52.5634 38.4485
-25.2206 25.5018
-41.4414 26.592
-42.234 7.05816
-25.7811 -2.06877
-36.8556 15.6851
-52.3637 43.5184
-63.2187 -1.89221
-41.9676 -15.4745
-32.6208 9.63485
-24.3675 23.9219
-24.5312 24.3561
-23.7445 23.8077
26.4166 31.6112
4.58918 -14.8306
3.66088 -14.8326
-27.9503 10.727
-27.3994 11.8653
-26.7601 11.2658
-50.1058 -16.1757
-49.9928 -16.989
-50.3789 -16.8274
-54.5731 -4.20275
-45.3901 35.9519
-45.5898 35.9006
-49.4817 -18.0662
-49.3489 -18.8858
-35.9147 -15.5426
-67.1189 44.9203
-69.8031 44.2656
-68.8336 29.6894
-41.2928 39.564
-23.5857 41.8028
-23.7788 42.7253
27.0828 7.18429
-44.2331 36.3651
-42.5969 37.4614
-0.0671646 7.40104
-60.9781 13.0564
-62.2439 28.3744
-62.1014 27.3503
42.0369 15.8352
23.9585 26.2034
12.0429 29.8187
9.76686 28.5754
19.0203 27.844
-20.0373 3.79908
-54.6745 31.088
-54.5217 31.48
33.9702 -21.4944
34.1904 -21.4855
29.6942 -0.150051
32.8912 -22.755
23.9208 -25.7034
19.6585 -22.8234
-35.1458 -10.0647
-64.0864 -6.99729
-63.1629 -7.20673
-63.0275 -7.59043
-53.4776 42.1461
-65.4622 16.3478
-31.1854 0.889467
-30.9715 0.782472
-65.7181 36.2736
-65.6558 35.7057
-60.6716 -32.4938
-61.8348 -32.5822
-69.9444 23.9071
-46.6965 44.7174
36.5781 22.0712
35.297 20.7966
33.3674 23.4861
27.9041 18.8916
27.9346 18.891
-73.7298 -0.397828
-71.7625 -1.39906
-63.713 9.00432
-19.788 -8.01451
5.94995 -37.804
-69.8751 30.8043
-70.6482 30.8879
-69.1104 31.0043
-69.1348 29.3148
-18.1422 -0.0995525
25.5837 -24.2178
24.9902 -23.1944
24.4072 -22.7413
44.8021 -46.9119
-25.7444 -7.57357
17.7758 -19.6937
18.2084 -20.3128
11.8701 -30.8504
17.6964 -18.7389
-17.4737 -0.368097
-64.1052 -29.7604
-29.7731 33.6644
-29.2595 33.9454
21.3396 -18.056
21.0967 -18.146
11.9711 5.67841
-61.2906 -23.9061
10.312 -35.1647
10.8938 -35.1462
-18.805 -12.1865
-18.2359 -12.0941
-18.0097 -11.0544
-63.1822 -30.0192
8.77794 -30.2022
-55.7671 -34.9579
-32.178 17.4502
-31.0037 18.2076
-43.9698 21.014
5.57285 3.16491
-49.7557 9.73127
-12.146 -3.8744
-11.9549 -5.12351
-11.7464 -6.27523
66.5683 -13.6868
67.8605 -15.3041
67.9252 -16.6502
39.3719 -20.0565
22.1085 -10.2092
7.69763 -7.23963
7.76048 -6.73856
3.99046 -9.68285
-28.6517 -10.4051
46.8068 -39.6186
-64.6182 0.164352
-37.7815 -10.7444
-37.6319 -12.2005
-44.7974 42.6006
-46.7778 15.7363
-22.2348 -22.0288
-21.6524 -21.8229
-63.7161 -1.29502
-49.1472 17.7441
-49.2344 18.9643
-49.9376 8.29443
-37.4055 39.002
-37.1205 39.4649
7.77917 -2.40321
-66.9817 43.9848
-67.8991 43.5057
-22.0705 -42.3448
-22.8971 -43.2267
-56.6736 -5.94979
-0.779263 -7.58409
-44.2162 -28.8455
-58.5703 41.4188
-59.3617 41.0059
-46.7826 -5.73311
-49.1783 -22.2641
-48.5962 43.351
-53.0179 36.1179
-62.4131 -28.0133
-58.1714 41.7299
-5.51842 14.9099
-43.4057 39.1677
-47.9261 -22.5992
-48.813 -22.4534
-58.9028 -26.7809
-43.2835 -29.7385
-53.7528 -27.0783
-54.0932 -28.0343
-59.4105 -18.3756
-51.5796 -33.7894
-51.3083 -34.4037
-54.9829 -25.3704
-55.0877 -25.3815
-55.1683 -21.3502
-68.8895 26.7163
-43.6104 -37.0219
-12.0373 -5.92701
50.4015 -33.027
-17.2321 0.66243
66.9799 0.825064
-12.9549 -2.84197
-18.9322 -14.0117
-60.0568 -17.4665
-56.9851 17.3259
-18.2954 -5.96273
-58.5778 -17.544
-57.6692 -17.872
-43.9242 -36.3057
-43.9745 -35.9733
-67.9096 10.6621
-56.4707 8.93074
-45.3107 3.92848
-52.0715 -26.9608
-65.7426 5.98994
-18.8085 -12.757
-51.1566 12.0348
-47.5948 2.97169
-59.4671 -17.3947
-59.0657 -16.5295
-57.7092 -27.1007
-56.6901 -27.2881
-40.5381 33.2684
-40.0461 32.6083
-40.8998 33.6917
-12.5573 -3.31495
-73.9327 5.05947
61.2216 -29.5313
60.4595 -29.8098
-58.9156 -7.85829
-58.8396 -7.40591
-74.0687 5.96286
-73.3528 6.5839
-73.3352 6.93793
-73.7726 5.79202
-44.2686 -27.7293
5.60609 1.93867
5.49696 1.79449
4.92319 -0.126257
4.86059 -0.308649
-52.1983 3.06603
-51.4926 2.93291
-61.9796 26.4711
-61.0364 26.2603
-42.8421 -21.4727
-44.7799 -28.0038
35.6493 -25.9528
35.3662 -25.9202
36.4293 -26.5087
25.1301 29.2077
-38.7369 47.9185
-6.57618 26.1215
-27.9776 0.330289
74.1431 3.23541
72.4145 -13.7667
71.0233 -11.6627
70.083 -14.1007
-58.5895 16.5033
-57.8656 16.8433
-43.1894 22.539
-57.3742 -11.7303
-36.6217 7.88071
4.09223 -41.601
-32.0377 -0.887452
-39.5698 24.3747
-60.093 25.6326
-71.4546 8.06799
-33.12 36.9967
-38.209 31.6426
-23.9121 24.6054
-65.0948 -29.7608
-64.2903 -30.3958
-57.6566 8.49217
-53.9021 11.9684
42.8989 -45.7465
13.6926 7.58585
-59.3127 24.9189
-58.8294 24.901
-56.7785 7.12711
-57.2631 -4.52939
-57.6778 -4.84964
0.466148 24.059
-3.97452 -28.7036
-66.9656 11.3384
-47.1756 15.7826
-20.3071 -3.15571
-21.825 -2.82008
-74.4403 18.9073
-55.1238 -3.08698
-41.5033 38.168
-60.7521 -26.9795
-54.4269 29.0835
-54.232 28.725
-29.087 -15.7361
-29.4847 -15.5443
-30.9439 -15.7102
-31.1656 -17.3544
-29.9017 -18.1028
-50.0994 8.95021
-26.2281 -4.58391
-50.4123 10.8057
-5.57273 27.7714
46.3947 29.9543
-17.5219 0.634189
21.2224 -37.3839
-36.8217 7.63108
-12.2778 -31.4596
-24.9239 -26.8332
-38.2504 -6.56213
-76.6817 0.914642
-63.7607 12.8628
-52.392 35.1679
-52.3238 35.181
-58.9876 34.5896
-56.4885 28.9734
-32.2152 -17.3466
-74.2901 19.7964
-74.1111 20.2607
-74.7512 19.0036
-59.9174 30.7729
-59.3209 24.963
25.4315 7.90319
25.3829 8.22618
26.4185 8.44627
-46.8572 22.8918
-47.0408 43.0868
-40.3008 25.1782
-45.8141 -12.1896
-47.2888 22.6753
16.7423 5.97494
-43.2239 24.3959
-42.866 12.4864
-65.1138 35.7449
-45.8324 42.8031
-60.9017 30.6511
-47.1172 -29.1634
-56.5694 7.576
-32.272 36.274
-31.4916 35.5639
-29.8918 33.4817
-29.8572 34.7229
-30.7176 33.2385
-67.8914 46.0394
-65.3864 40.8169
-41.7619 34.151
-64.4457 44.4361
17.8573 -27.5416
18.446 -27.6505
18.7484 -27.7899
19.3141 -28.4963
17.1524 -24.5447
-34.4831 38.7153
-41.3186 33.8891
32.324 -20.1818
13.0951 -36.3745
11.6646 -34.7169
12.7515 -33.0267
48.7331 -29.2874
-58.7137 -27.2998
-62.3742 11.575
-59.9803 -4.16187
-39.0405 31.2828
-65.6531 7.02973
-67.3569 12.0284
-58.2815 -8.94979
-38.1396 27.6174
-34.2095 42.1247
23.6732 -10.8633
73.7109 -0.53892
64.0501 -30.3829
23.9612 -11.7373
-2.3572 20.8504
3.36897 32.2575
-67.2454 12.0719
-54.7212 -5.30097
-54.4343 -5.80639
-53.5962 -27.3179
-53.7083 19.8369
-53.6711 19.7893
-59.6595 -7.28363
-60.2985 -6.55287
-58.5778 30.7312
-34.9994 39.7421
-31.4605 -17.0591
-21.4018 -3.35613
-37.4724 2.5162
-65.9107 -29.3216
25.9456 -41.9767
25.4404 -41.2763
25.6817 -40.4967
62.9896 -1.08969
63.0422 -0.949839
62.3264 -0.107256
63.7458 -1.15339
64.2847 -3.61589
62.6085 -2.22975
62.7294 -2.57184
44.445 -37.4551
75.4676 -3.90529
-26.3505 40.2865
-30.0077 18.4465
-29.4454 18.6998
-29.3903 18.6542
-40.8703 -28.0574
-40.8528 -26.9853
-41.8382 -27.8544
-39.4108 1.16058
-71.8308 15.7374
-33.1496 -8.27115
-46.1195 20.3777
-45.6618 20.1291
-23.4481 24.2667
-49.0742 15.933
-63.4865 9.86695
-48.2443 18.8482
-16.3197 39.2596
-25.3596 -3.68062
-25.3368 -3.03586
-79.0215 12.404
-78.4732 -2.09896
-62.3758 11.4431
-51.1756 27.2577
-62.0198 -26.1881
39.8922 -29.4173
38.2279 -28.4198
26.7944 -39.5802
40.3843 -31.9848
40.8537 -28.3794
-43.1232 28.4763
6.87407 -37.4571
-64.7991 16.9369
-64.5839 17.941
-64.1478 16.5678
9.5627 -28.5782
9.69023 -28.3519
20.3394 -14.8543
17.7857 -28.0107
30.2192 -27.0344
24.7963 -39.2661
-64.3236 19.1111
24.6039 -20.4104
24.5981 -20.5782
20.8788 -27.4568
39.1874 8.2009
40.3752 12.709
60.1872 -11.5537
29.0642 -24.9404
29.6468 -25.4659
28.4403 -23.6805
65.6366 -21.928
64.875 -21.6164
66.423 -22.174
65.2588 -20.7737
64.3713 -35.7872
60.0657 -9.80118
61.4459 -9.45623
26.4068 1.94787
14.3231 -1.45611
44.0229 -8.46931
44.6089 -8.31592
15.059 -0.643113
40.6278 18.4505
40.7774 18.5922
38.5562 18.5482
37.5196 15.3864
54.2336 -4.44438
53.7655 -5.21907
54.2082 -4.48142
58.7532 -4.04402
-20.2335 -21.2863
-21.1464 -20.5251
47.4886 18.4762
32.9258 -2.47836
23.7805 -15.1771
32.9847 -3.42685
31.3868 -13.7923
31.7364 -13.3212
10.1992 20.245
11.5564 21.4278
12.584 18.4216
13.2575 19.9339
15.9442 -23.7355
15.5191 -23.2955
14.667 -23.1203
16.4988 39.3503
16.1974 36.4418
19.9845 42.3195
19.5193 44.3171
32.8212 25.8643
63.5049 -37.8834
64.4638 -37.5182
50.3119 -18.4285
30.1796 -19.0037
39.9675 -43.0809
27.3922 -25.6936
25.8314 -26.8633
17.2892 28.3544
51.3127 -16.3531
18.8798 29.6764
35.6766 -6.29959
35.4424 -7.81908
37.5253 -7.54522
36.1538 -13.9914
62.726 17.2721
63.1 18.057
61.8761 17.6937
62.9347 16.8113
63.5422 15.6835
38.6356 -3.64556
37.382 -3.64957
38.3927 2.05866
34.0682 -6.79002
34.0454 -5.36976
39.3702 -2.77984
36.6303 -10.5091
28.5859 -6.86693
26.0394 -17.6098
58.6624 8.50171
26.2728 -4.74518
42.4459 -9.96994
22.4917 -13.8221
22.6582 -13.3272
49.6931 -29.4084
18.5695 -10.4571
11.0077 -12.2875
9.85997 -12.4365
33.5998 35.1266
35.6005 34.2681
32.3504 35.7154
31.8437 36.7931
26.9988 35.191
26.711 37.154
68.0955 -22.0571
45.6321 -21.8824
8.23298 -12.291
6.80769 -13.4483
5.99692 -12.2464
5.97639 -11.5833
4.86084 -11.6572
4.02036 -11.509
3.44824 -12.9005
33.2553 -7.64815
33.2006 -8.57151
33.9973 -7.83125
7.64473 -12.8853
26.9191 -41.8462
28.0502 -41.3048
24.7354 -41.6318
35.0309 -36.9077
58.4266 -28.4363
67.6609 -27.2026
38.3818 12.9155
25.2205 -43.3428
22.2299 -10.9134
44.8849 -22.3891
44.809 -23.1444
47.2432 -19.2436
44.82 -20.0024
46.9003 -23.0546
-12.7312 9.8401
-58.9429 36.8315
28.3918 -7.53162
28.6891 -8.17189
29.5323 -7.11828
25.9849 -6.78881
51.0261 -24.3703
50.9164 -23.7616
51.7172 -25.1039
10.8133 -42.6709
37.158 -11.1621
36.1094 -11.2445
18.0715 -24.0207
58.1013 -30.2286
56.5685 -30.4841
63.0367 -26.2941
64.0392 -26.0641
61.7872 -26.8211
47.0637 -14.8561
47.3379 -14.2905
39.4503 -20.0715
61.8714 -28.42
58.9457 -30.9059
58.6452 -30.4686
69.483 -5.24592
54.3737 -38.374
55.8685 -37.3949
-31.9313 -3.24884
26.478 -25.3179
30.8448 20.7891
74.9848 -21.7529
75.6974 -22.5025
75.9179 -21.4068
75.5004 -21.5602
41.7133 -26.5599
41.6509 -26.4279
41.2693 -25.3872
40.4334 -24.4542
42.1345 -24.9312
70.2644 6.69606
3.63659 -42.7408
79.1556 -7.67494
79.3955 -7.73222
64.6937 8.22985
76.4412 -7.20543
66.8439 -19.0045
22.6661 -33.8419
-6.35898 14.2172
63.7577 -30.0804
39.6527 -36.2962
40.1157 -36.61
36.7797 -36.6763
39.7202 -35.1921
41.3651 -34.1482
40.247 -34.3811
31.9663 29.1544
26.8993 24.0359
36.9686 -35.2846
44.1145 -34.3624
23.8176 -38.902
24.0972 -37.934
22.717 -38.452
1.97135 7.86711
-6.4549 17.9706
3.05066 -11.6841
1.87663 -10.2763
24.0909 -36.0787
27.5435 -20.1795
18.9779 -25.9292
2.71192 -12.4375
21.6633 38.7299
49.9515 -20.0246
45.99 -16.611
20.9315 41.3622
20.6047 37.433
51.7338 -17.0727
49.1913 -21.7276
52.1754 -17.2743
54.4626 -18.0143
53.7086 -17.7435
38.3147 -41.9709
56.7904 -26.428
34.0856 19.8552
29.1945 -20.5272
37.4288 -41.8707
0.784172 -5.83058
51.1417 -20.413
-34.4848 39.4664
-33.2486 -13.0019
-33.105 -12.8961
50.1076 -2.43004
51.5293 -2.57502
48.7122 -1.65297
49.6273 -2.69041
-55.2429 -12.2294
50.7644 -3.33486
50.8245 -2.47764
49.2326 -43.4401
49.5473 -44.5334
24.9246 -16.5405
47.92 18.8704
50.9022 20.4469
49.1333 19.7134
48.7691 19.4944
49.2667 19.8026
7.84809 -7.64181
57.7614 -20.3501
57.8203 -18.3921
-14.802 5.99294
-12.8422 -33.0077
3.77995 -31.8367
4.81223 -32.6038
5.3923 -31.5464
5.0114 -29.7752
49.173 -2.88334
45.9398 -2.82619
52.6289 10.7018
52.7565 11.0103
50.115 10.0779
49.4698 -1.53962
20.1181 21.8096
7.16316 12.5761
75.3714 -8.74827
10.4419 21.3415
10.9915 20.6072
10.8019 23.0737
8.09432 16.2098
6.78391 17.1929
4.62201 14.0578
5.46352 13.5798
48.8414 -22.4851
31.7279 -21.4872
25.0765 -16.6556
-53.1048 35.4234
-46.9342 43.7523
4.45149 17.6191
-37.3296 -12.8938
-17.7774 -8.8985
-17.1739 -8.64097
-16.7303 -8.72782
38.1685 0.0581791
57.7604 9.59953
58.6035 9.48582
48.512 2.89837
47.8208 4.43862
48.293 6.12842
29.6858 36.0237
43.7575 6.41393
29.4949 35.8853
-38.2865 24.9387
-50.7556 43.7855
16.4335 6.42745
-53.9385 35.0067
-9.04838 24.9658
-8.56467 24.5051
-35.4375 41.4352
-65.4245 22.7259
18.1932 -13.8698
18.081 -13.9969
25.0928 -42.9029
68.7049 -3.17394
-14.6247 -21.8969
43.7841 11.1774
-14.4267 -20.9695
33.1639 -18.7925
31.5638 -11.4421
37.9516 -5.78555
15.4342 0.0509674
-26.8216 42.7281
-61.0562 -24.6259
11.6751 -35.8342
11.5363 -35.9308
38.6333 0.320794
37.9788 0.269772
46.0359 3.52564
9.15425 -19.0085
9.36143 -18.5626
30.4252 -12.6089
29.6411 -13.8292
29.3382 -13.7582
28.4678 -13.5082
51.1357 -25.4692
51.0359 -26.4486
5.56283 -48.4816
5.97624 -48.8889
5.06456 -47.9501
34.7463 -19.2796
-33.9064 42.9337
65.952 -19.6941
68.2604 -24.3711
7.80236 33.7021
10.1977 34.5736
9.92947 32.3231
33.6085 13.2266
21.2174 -2.45775
34.8128 15.551
54.974 9.66196
33.0425 2.82074
55.2975 5.38656
31.8159 -15.3971
37.7844 6.10968
38.716 6.42445
-25.9906 -27.2962
-44.415 2.462
49.5959 5.07459
49.9484 4.12687
46.1844 5.58128
4.39816 -43.0696
-61.3605 -28.7059
-68.6088 31.001
-28.7902 19.1311
1.55008 -4.29468
-59.4819 -32.8927
3.14576 -31.9506
3.09745 -31.9609
-51.0252 30.5546
-51.7375 30.1387
47.1632 -36.2756
47.5067 -43.6781
25.7072 -5.45139
25.1893 -5.05362
25.5337 -4.59885
45.0518 6.82847
-62.9684 35.8448
-71.3103 16.7511
74.7942 -14.9546
20.3701 46.8313
20.1147 47.9006
20.8185 46.287
19.6497 -2.60251
20.895 -2.69438
18.4787 -5.49259
18.3446 -2.10561
56.7675 -19.4737
57.3054 -18.8735
-52.0222 17.2438
-47.944 -5.86508
18.8122 4.14308
18.8503 3.8139
54.0586 -20.5069
29.6066 27.2634
29.2169 27.6939
-19.3218 27.453
-18.5902 27.6947
-19.7438 26.7589
-18.9919 26.067
-60.4456 14.3185
-44.4362 14.4533
-44.1689 14.9574
-20.8101 -4.21694
-0.624876 -7.51576
-43.3032 15.7986
13.2446 6.47299
-43.812 -28.4953
-47.3087 9.42127
-51.5364 13.1275
-9.57231 24.3938
-9.40722 23.2626
-10.1214 23.1571
-10.519 22.2918
19.1276 -1.84426
19.7656 -1.60309
34.7854 9.20047
35.0578 8.53007
34.2617 9.73442
33.9694 10.0336
36.899 6.01723
-51.1505 27.3448
9.84527 -35.1485
10.0854 -36.2057
-59.3164 35.2035
-33.9299 37.396
-53.6253 22.1119
-54.0821 22.3861
-53.0809 22.3119
-17.1879 39.2689
-25.6203 -6.08275
-25.4713 -6.35856
-50.3079 -7.69851
-60.9271 -30.8264
76.7204 -10.5615
73.1186 -22.5351
25.8474 -42.6881
31.4165 -13.7771
35.8526 -9.53905
25.4494 28.9039
26.0274 26.3157
25.4651 30.9126
21.8528 28.8775
24.6515 31.4379
24.4415 31.3469
10.1073 -42.761
9.79809 -43.8249
10.4085 -43.1684
49.7976 31.1133
49.6004 30.8285
49.925 31.8278
-78.7905 14.5862
-1.00841 -41.464
-1.43455 -41.2189
-1.72539 -41.0496
-0.0227825 -41.8729
66.4272 -4.99322
-22.5815 -42.8627
-24.3341 5.09951
42.6484 -27.4327
66.7832 -21.4952
21.7324 -37.633
73.7469 -1.41852
73.4791 -1.34279
73.6175 -2.90171
55.0181 -30.6693
63.6373 -21.1189
-20.5464 -6.29517
-20.893 -6.40953
-42.4087 22.4168
-74.1437 -0.187888
-13.3834 39.0376
7.34211 31.8504
7.91061 33.1345
12.5337 37.1703
76.0004 -19.0761
-46.875 -11.3221
-58.4182 2.79916
-33.5632 3.2937
-34.0191 3.15278
-62.2802 -30.5659
-62.4252 -31.3542
-27.733 6.6976
-68.7926 44.8833
-26.5584 41.2729
-61.8498 10.5417
-55.4391 -24.7596
-41.9792 17.1412
75.4955 -19.2072
51.8556 21.427
51.7175 21.1085
53.1283 21.033
52.7885 23.2864
50.9683 21.7131
-50.7571 16.994
-74.7462 17.8658
-75.1881 17.1415
-74.3304 17.5063
-43.6939 -28.0116
-30.5053 2.46771
-56.5951 28.1653
4.22143 -40.9845
-68.3211 15.8029
23.726 -43.825
-29.4503 -16.1439
-30.0907 -15.903
-69.8588 11.9159
-43.0646 -22.4631
-43.0895 -21.7963
50.4011 -31.0777
-51.2 43.3326
-51.3283 43.4517
-42.541 -20.8588
37.8322 -42.4716
34.2686 -14.3304
-3.6361 -28.324
-16.8916 -28.5191
-79.1669 1.28007
-71.7207 8.17649
-14.1139 31.0561
-13.8787 31.1264
44.0963 -45.1547
-34.9002 -30.468
-52.794 12.6822
-60.6257 13.2731
-74.8488 14.3403
-74.4052 14.3862
-46.0695 -12.4429
-58.6285 35.2986
-58.7286 -33.4176
-63.0333 35.8174
-78.3306 0.858535
-59.5473 13.8244
-2.35544 15.8283
14.6912 -12.2416
-61.7138 -30.1009
-48.8329 17.6918
-58.66 -6.25854
-13.8902 39.1115
-14.429 39.3109
-19.4487 3.05861
-52.7991 12.6854
-56.153 -4.5354
-78.6191 13.3281
-71.764 15.7962
-72.39 14.5401
-25.9188 -9.62684
12.9303 -23.0856
52.2035 -34.6152
-38.478 -8.6951
25.487 -28.2807
31.2124 -12.2828
33.1999 -14.3307
38.3106 23.5997
39.2828 24.0268
37.392 24.4593
37.0028 23.1787
39.9918 -1.72924
7.5603 -18.4201
6.58754 -17.9042
41.0329 15.4229
40.0022 14.9778
35.1739 25.6257
35.693 25.5962
34.5642 26.0751
17.8783 -3.67057
18.9573 -3.89149
36.5423 -11.8364
37.0568 -12.2047
36.4905 -12.5143
21.8818 27.6637
22.3885 27.5112
58.32 -26.6377
23.1721 -44.1002
66.7779 -18.7453
29.718 -8.00845
30.1434 -7.62681
20.574 -27.2247
8.46086 -18.7616
31.156 15.2818
18.1811 -2.68019
27.8649 -25.8806
28.2582 -26.495
17.7543 -17.8336
54.9648 -30.6766
57.1087 -10.2793
11.324 -33.1787
-39.2184 30.8448
37.5723 -5.3518
9.42553 -18.5716
17.3209 -0.0706975
-13.9701 31.0958
-15.3371 -20.8377
-16.1276 -20.6419
-15.4564 -21.3239
-16.0119 -21.4791
17.9027 -25.5645
32.4844 -20.116
17.8497 -7.07056
62.9933 -29.4828
55.297 31.0848
44.6166 -2.94705
13.4989 -23.1483
41.2972 0.870795
41.4456 0.426785
41.2428 1.16512
-8.78218 4.51285
-7.17492 6.12935
6.29692 -30.4031
31.7047 15.7992
32.332 15.9358
61.293 -10.89
66.5775 -0.474752
-25.9961 -27.3005
57.1402 -11.1327
54.7914 30.7553
54.2002 31.6867
54.4856 30.0121
54.1177 30.6529
40.4016 -34.1162
52.4032 -20.702
75.5438 -8.32578
38.2128 -37.015
38.4901 -37.4061
-61.0729 -28.4384
75.0658 -20.4602
75.7536 -20.0485
-11.8769 -28.2117
-2.80785 26.7585
-28.8718 11.0505
-51.6749 -13.9789
-46.4005 35.6516
-21.7624 -41.9894
-42.0964 -18.0581
-27.8586 10.3868
-46.2274 3.87056
10.82 -31.4476
47.6286 10.6589
-10.9052 21.4822
-54.8499 -12.3948
-13.4826 -18.999
-7.21137 -45.2028
-69.8828 24.341
-28.9785 -3.10739
-31.7051 -4.14272
27.9897 -14.1181
23.8269 -35.1464
71.2115 4.70835
-58.2331 2.51754
-28.7634 -8.87868
-46.4303 -23.4437
-57.7551 -34.6115
-27.4028 -14.7914
-27.6283 -14.9023
-48.066 9.00609
-53.9086 -27.1988
13.7891 3.55062
35.5751 36.6736
36.5067 36.5857
36.3429 37.0014
42.1393 -44.5033
42.0447 -44.4324
-32.9051 -30.2792
-3.98306 28.8333
-14.8008 5.99869
19.9815 46.3099
50.6613 -30.383
53.8037 -18.6075
8.62644 15.6128
61.8514 -7.01879
61.4535 -5.58632
61.0186 -5.20612
37.1173 -27.0278
13.3796 -23.1009
29.7313 -23.8444
40.3989 -1.43842
38.8372 -0.3941
8.54905 -31.3698
25.6955 -25.0529
25.6191 -27.8742
21.1891 -24.9992
74.451 -12.6595
-29.8481 -4.89836
13.5999 1.26469
21.1836 -11.2345
50.458 32.6688
37.7599 5.20149
7.98253 14.0357
6.4938 14.8295
39.7955 8.63597
39.5727 8.41728
40.8725 9.33309
41.4705 11.2092
53.3199 -30.6484
24.7436 26.4466
31.829 33.4874
17.7981 -4.19333
55.7157 -8.46462
17.8117 -7.87546
-31.9583 -5.44352
-37.0193 -8.20905
-56.6419 29.5174
-44.115 20.7297
-4.87022 -33.7498
-15.225 17.1195
1.66518 -7.10045
1.75158 -6.51431
50.8616 30.0451
50.9457 31.3412
4.84351 -28.1192
-16.3858 16.8034
18.0915 -24.0167
61.2006 -25.7618
61.0647 -25.6518
36.5803 -33.9903
48.6047 -18.2356
62.076 15.3694
61.2048 17.1021
60.4662 18.4109
53.3962 -20.7023
66.8757 -20.0304
69.0903 -13.5972
56.1453 -19.5366
-46.0746 -29.0205
-46.722 2.43255
-42.6996 -22.5329
-52.1972 -13.5356
-27.9712 6.59853
-26.2209 -9.29555
-39.5656 21.9336
-27.5222 9.81943
-50.5036 16.1039
0.463459 24.0633
-77.9106 14.0766
-44.0792 19.6789
-48.4661 3.44374
48.7955 10.9781
48.4952 10.5514
-7.30561 2.67656
-6.99008 3.96536
-6.65165 1.90317
-6.00172 2.57933
-7.51198 1.77694
-7.70538 4.02569
-8.02178 3.35305
-6.84237 4.77805
-8.41423 4.90548
37.7777 -43.9028
-67.7486 14.8622
47.2578 -22.4352
24.8464 34.9748
1.81602 -5.51977
44.0382 -7.05585
34.0524 21.6236
15.2191 6.16239
22.2843 -13.8979
37.8623 5.06004
50.6653 29.1419
50.4216 29.6192
72.8606 -21.4767
24.1714 -7.99767
24.6226 -6.92937
40.7329 -0.027452
6.96368 13.2922
7.24598 15.0935
50.6366 -28.0868
10.0702 -33.1215
57.6257 -26.0572
-27.9282 -4.40099
-19.6667 -21.916
-18.3828 -21.7284
-20.5955 -22.1543
-20.257 -22.422
37.6157 18.6836
62.7004 15.9948
62.1099 16.025
35.687 26.5095
34.7376 27.7394
10.8558 25.1263
35.8216 26.871
16.4843 4.11396
-6.66265 2.72741
-14.8844 11.9169
-15.3619 11.9283
-14.6619 11.6935
22.4216 10.4518
21.6395 8.90764
21.825 8.4405
22.1281 9.25599
51.7565 -41.2933
51.2695 -41.6809
44.4634 -35.1387
1.28991 -1.65593
1.45453 -1.90137
57.8443 -20.4365
47.7305 -16.1785
49.7412 33.3643
29.5804 34.1291
29.3767 33.7711
43.228 10.8813
42.8354 11.156
42.3676 11.4304
57.231 15.0994
57.1659 15.4672
-58.513 -17.6512
5.33684 15.5531
-25.8716 41.8629
77.7866 -2.77682
76.9941 -1.56706
-55.4271 29.6925
-31.113 41.6407
-58.0771 -7.56403
-18.3676 1.53781
-16.6624 -28.0596
-5.48117 18.1869
-23.0835 2.83863
-26.5653 -9.35317
-41.9272 17.0733
-60.9291 24.5451
-61.0096 23.8817
-44.5878 -29.7992
-18.5982 -35.8979
-18.6401 -34.9532
-18.5723 -36.0338
69.7037 -4.19987
12.7882 2.60685
65.1415 17.0421
-0.437156 -15.5633
16.7539 -9.98124
33.4479 -4.69897
55.6732 13.9543
45.6932 -39.0109
-9.57558 -25.2952
1.57126 37.7549
54.4604 8.09764
52.9786 6.39915
24.0024 -35.627
4.08991 -13.4017
3.4813 -42.7164
6.97397 -12.9673
-22.9096 -32.3389
-23.0863 -32.3591
-22.7834 -32.3099
48.2905 -18.3034
34.0612 -7.74409
22.4259 9.37259
22.594 8.10616
76.5996 -5.99759
75.7054 -6.28264
75.2962 -5.9971
39.9752 15.4603
32.9728 21.2049
35.4574 22.5432
-7.58853 4.94294
36.1399 -14.2444
23.9522 -8.31357
67.7837 -25.7963
68.3287 -25.4359
-29.0416 33.415
4.01962 -47.5505
33.5258 25.4414
66.1124 -3.87194
66.2965 -3.83138
46.0445 -38.9722
57.2188 -10.3051
6.97304 -30.9995
2.83289 -13.6496
21.4425 -25.1834
10.5083 27.5533
33.704 29.4463
32.0569 29.1067
20.1508 26.5746
-18.6246 -35.3416
69.136 5.37767
6.65893 -31.4418
1.5842 -42.2649
-21.7821 -42.0295
8.37056 29.4775
7.78247 28.6121
29.9665 21.6745
-28.6327 -9.86857
-61.5245 -28.2994
-56.3916 28.9887
-50.4425 3.35565
-78.3138 15.828
-11.5209 10.1896
-12.4264 -31.8963
47.9195 6.76201
47.734 6.9751
-39.5773 21.9281
-50.356 16.2935
14.5336 38.3402
-23.7007 -36.8659
-25.2838 -37.1586
-23.741 -36.8795
-24.0365 -36.986
-5.4491 -22.3535
-5.75888 -22.6667
-5.19723 -22.1173
52.0613 5.81291
32.4247 25.3496
24.6365 35.9852
-10.5967 21.6744
52.1316 -34.4631
1.80273 36.9377
-1.95485 -18.6966
28.8484 -25.0138
54.088 -12.0473
54.3749 -11.5603
17.803 24.4779
17.144 24.2015
17.7204 24.048
19.3828 -4.68745
18.5174 38.5073
17.7808 38.242
19.082 37.5672
51.0952 21.1296
24.7035 -40.474
63.6174 -29.4048
4.58238 -47.4277
4.55656 -46.8866
-72.2081 7.70399
-31.815 -0.410161
-37.0265 -8.23968
-5.80141 55.4999
22.3957 -25.2689
-6.1539 3.29503
14.2596 -15.274
-7.11276 -11.8397
4.08417 23.7821
17.2332 24.8389
72.7578 -5.58721
61.2689 15.9546
-24.8108 -37.0635
43.0452 -9.37984
-4.69216 -15.8357
-23.027 22.0028
49.4821 -22.6417
7.57235 16.5428
11.1701 30.5622
34.0287 20.3948
11.4611 31.3093
12.1374 32.2632
11.5097 31.5618
13.4393 18.1959
14.7184 14.7766
42.5129 -9.80111
8.17319 29.4378
37.1619 -5.06191
71.8097 -7.70567
-7.85676 5.68079
-8.76422 5.59997
-9.57418 -25.2911
-14.5536 -41.0575
-15.2987 -40.937
-14.4443 -41.6389
65.7376 -13.1534
65.7596 -14.0527
65.2909 -12.2634
69.2616 -6.19109
7.22017 -31.3284
14.3398 26.9445
15.0231 27.0323
14.3143 26.9415
-59.3933 -27.2721
78.2092 -1.94949
77.8279 -2.03263
-27.5955 6.94048
-10.4313 -26.9315
-0.579563 13.0789
21.3701 -24.8187
16.5093 4.63682
70.5743 4.60417
-25.4352 43.353
-1.89656 -33.7448
-29.481 -19.3876
4.69691 23.2573
9.4473 -16.2279
53.2159 4.227
53.772 3.38822
52.1176 -25.0547
51.9262 -3.25509
46.6338 -34.3306
46.4533 -34.3052
-30.9056 41.6746
9.89489 -43.0745
16.7737 6.85419
5.38374 -10.9798
12.1996 19.7716
62.9705 -10.4855
63.621 -11.3837
63.0165 -10.4648
39.9965 15.4633
39.1008 9.2841
35.1385 15.8377
60.5512 12.411
62.2679 -37.5317
16.4067 10.1952
14.8001 35.1947
15.4728 33.9935
32.1591 21.0619
30.3047 18.6389
16.0056 34.9797
15.8597 34.5275
11.7726 41.3683
12.8456 19.1957
20.5682 48.5006
21.2247 49.0583
13.2414 17.8787
28.8382 23.0911
67.5976 -3.9608
28.5099 -20.4563
61.5009 -8.31307
57.1909 14.3465
56.6194 14.7242
30.269 18.5851
54.4009 4.61063
54.4368 3.83639
35.9931 38.021
74.5256 4.94305
73.7967 4.57458
73.472 4.55064
-63.3289 12.5016
68.304 -23.4637
-64.8728 22.0685
-60.0376 40.2097
-60.8195 39.2898
52.0053 10.5314
12.9698 33.7538
12.7034 43.6798
10.4362 44.3541
9.76484 43.7996
10.6576 45.2941
9.0759 45.8003
41.421 -33.6061
54.6399 -6.15014
-61.5693 37.5224
-61.282 37.9455
25.5753 -34.7172
43.0171 23.2451
13.872 1.16157
67.5353 -26.0642
-9.20003 24.1191
48.1537 8.97268
48.3634 8.96063
48.7118 9.64878
49.1312 8.64705
30.3484 35.0487
26.9981 -18.3383
68.2553 -15.1879
59.005 10.0831
54.034 8.00418
-0.326531 -33.188
2.75127 8.03667
4.63835 29.6426
5.35157 27.8298
51.1341 29.4466
38.8437 -35.2498
73.1545 -3.73686
72.2452 -4.18965
38.5306 12.9301
14.8903 13.1554
15.0805 13.3482
15.5778 11.5629
14.6052 13.1266
72.0365 -8.1405
9.05124 32.7156
20.1828 45.8374
3.49051 -23.2607
-10.0379 19.1295
5.40085 28.628
6.4535 28.9459
4.95322 29.2787
5.6451 28.7133
13.3067 39.7735
64.0523 9.56251
64.3267 9.77214
63.888 9.80538
-14.9683 11.61
72.2381 5.70896
71.5814 6.4393
13.1825 43.4403
61.8158 12.0856
3.35074 -1.19082
61.7239 12.0618
69.7826 -3.20112
50.2305 -33.6118
51.5052 4.43284
50.9886 4.80383
50.7174 4.62788
8.92821 32.9109
39.3975 5.41731
51.235 10.3587
-3.84601 33.0303
-3.85938 32.7294
59.6186 -10.3573
-15.0791 -41.4197
-14.7379 -40.801
59.4418 -4.28097
31.8082 34.3707
-23.0634 3.12147
-68.2091 15.0501
23.9311 -40.0603
76.1665 -5.89276
50.4829 -29.4666
13.3494 35.3714
15.7508 10.4306
25.1895 -4.61637
50.0584 11.5106
-15.5344 -22.1003
15.5976 10.5424
54.8128 -19.2755
54.9408 -18.7908
8.80553 -31.4514
63.016 -38.4694
63.1221 -39.4369
44.5868 -2.86669
23.0579 -11.1977
-20.4702 -21.7061
19.4917 43.0365
19.5139 -24.0556
-51.3226 30.7576
-51.7349 29.745
14.2482 38.7115
61.8272 -10.979
34.7379 22.3049
13.2287 39.8696
10.4114 24.8689
-12.7126 18.6823
-11.8344 18.9871
11.5043 35.4687
18.5203 38.4614
31.3663 35.0752
-1.61062 -17.9857
-5.1824 -16.0045
54.3729 -38.3178
-9.32268 -30.7121
-9.26612 -30.521
-9.49346 -30.8954
-28.5465 -9.88598
14.9123 1.72204
21.0614 48.297
20.5226 49.1796
-35.0271 41.598
13.6576 5.78549
-3.38059 28.0935
-3.52367 19.1927
63.1722 -40.0376
63.1036 -40.0327
58.6761 -21.8252
69.0419 -23.8909
2.92319 -43.4644
-20.7591 -27.2326
8.14394 -40.4349
-3.84674 30.0803
-6.76113 -29.7615
-9.56477 -15.4336
-0.492642 -21.3838
7.66842 30.0699
25.1614 -22.729
-54.0014 -34.4625
19.3942 22.9903
19.4158 22.7575
20.7769 43.3078
21.1905 43.3066
39.5742 5.95077
28.8233 23.1007
-30.8366 -17.8648
-9.56496 -15.4369
70.3906 5.13711
31.9703 25.0289
75.5013 -7.14702
24.7794 -7.42052
-27.7862 -26.0866
-1.59247 -33.61
71.7467 -8.52896
13.8752 38.0892
-64.4846 -15.4262
-64.6674 -15.9133
45.8268 7.72527
72.482 -7.97588
30.9829 25.9084
6.25168 15.6395
64.6883 -11.8025
19.1862 42.7148
8.18556 30.703
51.4987 28.0446
-3.85715 32.842
23.6254 8.45864
36.619 -34.0212
61.7793 12.44
66.2678 -14.4388
18.8316 3.39177
-62.3653 35.3957
4.77277 -13.3102
-49.7626 2.99913
-50.1922 2.64984
-16.8018 39.2573
33.0662 -3.48782
69.3464 -1.31689
19.7353 -24.0716
19.5586 38.0673
5.05428 17.3539
7.19952 46.9867
8.46849 46.597
72.6247 6.0423
13.5871 35.7848
57.3474 -25.5849
3.19933 -3.83847
44.8202 -34.6572
6.63697 15.7092
47.5376 -23.0574
-7.96138 -42.5159
-8.07103 -42.36
-7.85501 -42.6998
26.2142 6.73905
-25.6819 41.002
-43.7688 30.1421
-34.2164 -8.18352
-25.0591 40.1256
-45.8927 -12.4621
-18.3545 1.36627
19.6743 26.6554
3.36552 -13.4356
47.0879 -14.904
5.9215 45.8654
2.73336 32.7031
73.3542 5.15402
62.9895 -37.3055
58.6169 -3.87938
59.0005 -3.10822
-5.86874 -22.7705
-48.9362 2.9422
63.3471 -36.2785
-9.52275 15.093
0.570896 -25.9796
14.118 3.83707
56.2355 -9.96715
7.70484 46.2575
8.11728 47.1819
13.1121 37.2322
50.4625 -42.1153
7.43147 24.1324
-52.4889 -39.7249
1.72054 -2.51977
36.323 37.6354
-19.6323 26.3162
-19.6334 26.1947
9.70013 44.9637
-34.9687 40.6823
-47.4186 3.23383
69.2557 -1.57068
8.57191 -2.6521
49.6908 -43.7254
-42.4752 19.5955
-36.0832 -32.7355
38.3228 28.2223
-9.52114 15.0961
52.9216 4.81101
74.4987 -12.6873
45.0178 -44.7976
44.0395 -45.171
6.96897 14.7325
-9.96226 -27.3896
2.47544 -28.9624
-4.59852 18.661
-6.1288 26.7934
8.26295 45.5165
49.8372 -43.8081
-51.219 27.3486
-20.7624 -27.23
46.9948 -39.4122
45.1521 -44.738
19.9289 48.8031
-45.6482 -13.2846
15.0572 -38.9665
-34.3931 -34.6062
24.7684 35.5287
69.1426 -13.5328
16.7774 1.94336
70.6649 5.57887
18.0807 -1.61829
16.7739 1.97416
22.0359 -39.7688
-48.6264 0.5785
-25.2394 43.5077
-8.61766 24.0056
-3.23268 9.38801
-2.62741 16.0689
7.10096 46.1171
71.0989 5.27303
46.1355 7.16057
9.88276 45.5801
38.6654 5.48584
9.29992 44.5597
-1.20728 14.6219
-17.089 -29.296
-25.4176 43.342
8.69646 44.6136
